start=142.661844
volume=200.000000
