start=913.454000
pause=yes
volume=118.000000
fullscreen=yes
sub-delay=12.900013
