start=2614.998138
volume=100.000000
