start=1700.949256
volume=130.000000
