start=120.829044
volume=94.000000
sid=no
