start=3116.206481
volume=100.000000
