start=1434.958333
volume=132.000000
