start=104.435328
volume=52.000000
sid=no
