start=3432.137000
volume=118.000000
sid=1
