start=121.866333
volume=132.000000
