start=1434.780354
volume=108.000000
