start=6768.695267
volume=120.000000
fullscreen=yes
sub-delay=0.100000
