start=3448.987000
volume=124.000000
fullscreen=yes
sid=1
sub-delay=1.200000
